2.9807500000000005
3.1807499999999997
3.2030000000000003
3.2327500000000002
3.4557500000000005
3.8177499999999993
4.5337499999999995
4.03275
3.88125
3.83525
4.205
4.69375
4.737
4.506
5.11125
4.54075
5.08075
5.1572499999999994
4.78075
5.3055
5.1762500000000005
5.0335
5.089250000000001
5.1075
4.733
6.02675
5.372249999999999
6.18725
5.71625
5.25525
5.6705
5.5817499999999995
5.819249999999999
5.336499999999999
5.277
5.30025
5.949250000000001
6.2135
5.41075
5.09575
5.577249999999999
5.9605
5.2435
5.1765
5.47375
5.0065
5.5275
4.83275
5.494249999999999
4.778499999999999
5.37
4.73475
5.211
4.317749999999999
5.030500000000001
5.3445
4.968249999999999
5.57775
5.85625
4.73
5.429
4.428
5.59275
4.96525
5.02325
4.39825
5.0145
5.6265
4.1325
5.30525
5.538
5.131749999999999
4.15275
4.371
4.24225
4.9087499999999995
5.0755
4.2125
5.91475
5.2379999999999995
4.981
5.26575
5.557
5.019
5.70975
5.2445
5.309749999999999
5.67325
5.42
5.30025
6.0125
5.95775
5.81925
5.7379999999999995
5.241999999999999
5.62925
5.625249999999999
5.629250000000001
5.22475
6.093
5.0642499999999995
4.72325
5.39225
5.648000000000001
5.00925
5.1815
5.84575
5.807250000000001
5.656000000000001
5.6715
5.8765
6.0125
5.7517499999999995
5.988
5.3717500000000005
5.189
5.29525
5.254250000000001
5.729000000000001
5.95475
5.99775
6.22625
5.5035
4.99375
5.8175
5.34225
5.77525
5.96125
5.0705
4.94225
5.34525
5.294
5.502
5.03625
6.39525
4.95925
6.57325
5.24325
5.85475
5.880250000000001
5.4755
5.48225
6.154
4.98825
5.66875
5.96875
5.98925
6.1455
5.71275
5.526000000000001
5.4925
4.837000000000001
5.3885
5.0512500000000005
5.599500000000001
5.11525
5.1507499999999995
6.35075
6.16725
5.84525
5.5207500000000005
5.0115
5.45925
5.14525
5.094250000000001
5.421250000000001
5.81775
4.875249999999999
5.07925
4.88125
5.41925
5.1362499999999995
6.339
5.3615
5.888
4.98375
4.8740000000000006
5.480499999999999
5.251250000000001
4.83325
4.92725
4.85475
4.82
4.930999999999999
6.130999999999999
5.30425
5.1205
4.9719999999999995
5.468999999999999
4.7485
5.19825
5.44725
5.3075
5.64725
5.54
5.7515
5.272
4.995
4.824
5.90925
5.938750000000001
5.378749999999999
6.073
5.82575
6.196
6.421250000000001
6.341500000000001
5.553
6.867999999999999
6.33
6.29025
6.971000000000001
6.128
6.29175
6.830250000000001
6.14725
5.94375
5.94175
6.100750000000001
6.32275
6.03125
6.983
6.07175
5.89525
6.54825
6.060250000000001
6.265
6.383
5.839
6.891749999999999
6.328
5.7615
6.200500000000001
5.7065
5.15
6.340999999999999
6.0305
6.573
5.50375
5.63275
5.89025
5.6152500000000005
5.556
5.565250000000001
5.686749999999999
5.926
5.517999999999999
6.024249999999999
5.5325
5.5482499999999995
5.8835
6.204
5.828
7.01825
5.67175
5.71275
6.3825
5.53825
5.889749999999999
5.63725
6.799250000000001
6.29975
6.183
5.33125
5.4045000000000005
5.7795000000000005
7.10125
6.069000000000001
6.0024999999999995
6.96525
5.2345
6.058
6.088749999999999
5.882250000000001
5.779999999999999
6.082
6.072
5.82775
6.4022499999999996
6.541999999999999
6.940250000000001
6.809
5.9815
6.214
5.9375
5.324
6.9159999999999995
6.636
6.38875
5.772
5.88875
6.3847499999999995
6.8199999999999985
6.89975
6.35225
6.501250000000001
5.8134999999999994
6.498250000000001
5.984
6.3885000000000005
6.432
6.34125
5.771
6.4275
5.52675
6.1015
6.19825
6.0205
5.3469999999999995
5.962750000000001
6.031
5.671
5.63725
5.487
5.759
6.07775
5.983750000000001
6.498749999999999
5.98825
6.37875
5.779
5.6232500000000005
6.558249999999999
5.436249999999999
6.169
6.0607500000000005
5.82325
6.319
6.6465000000000005
6.45975
6.2675
5.5665000000000004
5.982
6.502000000000001
4.977
6.654500000000001
6.023999999999999
5.882
6.2035
5.218500000000001
5.770250000000001
5.6735
6.503
6.2387500000000005
6.350499999999999
5.651000000000001
6.013
5.124
6.662000000000001
6.077
5.304
5.625750000000001
5.3775
6.534000000000001
5.8415
5.476999999999999
5.619
5.0615
5.60975
4.92475
5.359
5.3855
5.81025
5.92
6.07925
6.3475
6.544499999999999
6.4655000000000005
6.884
6.191000000000001
6.652500000000001
6.635
5.978
5.838749999999999
5.90575
6.64675
5.71825
6.28325
6.671250000000001
5.5912500000000005
5.41875
6.01575
6.107
6.5074999999999985
6.27
6.455
6.270999999999999
